FDUS|13.21 0 13.79 13.32|13.29 0 13.39 13.2|13.09 0 13.47 13.13|13.03 0 13.35 13.03|13.24 0 13.48 12.93|12.14 0 13.35 13.17|11.88 0 12.19 11.94|12.29 0 12.49 11.91|12.8 0 12.84 12.55|12.95 0 13.44 12.77|12.95 0 13.23 13.12|13.32 0 13.62 13.01|13.48 0 13.54 13.32|13.6 0 13.64 13.48|14.34 0 14.34 13.65|14.49 0 14.74 14.35|14 0 14.66 14.51|14.05 0 14.3 14.26|13.66 0 14.05 14|
CLUB|1.23 0 1.24 1.22|1.22 0 1.24 1.22|1.19 0 1.2 1.2|1.18 0 1.22 1.2|1.2 0 1.22 1.2|1.2 0 1.2 1.19|1.14 0 1.17 1.1|1.18 0 1.18 1.12|1.2 0 1.24 1.2|1.2 0 1.21 1.2|1.28 0 1.31 1.24|1.22 0 1.64 1.3|1.14 0 1.25 1.23|1.1 0 1.13 1.11|1.08 0 1.17 1.11|1.15 0 1.2 1.11|1.27 0 1.27 1.17|1.22 0 1.28 1.27|1.26 0 1.26 1.2|
GNCMA|17.9 0 18.120001 18.120001|17.969999 0 18.07 17.85|18 0 18.09 17.73|18 0 18.530001 18.01|18.059999 0 18.370001 17.99|17.93 0 18.25 18.09|18.52 0 18.639999 17.75|18.870001 0 18.870001 18.59|19.209999 0 19.23 19.139999|18.51 0 19.16 19.120001|18.99 0 19.42 19.030001|19.26 0 19.469999 18.85|19.24 0 19.42 19.16|18.74 0 19.389999 19.23|19.309999 0 19.639999 18.6|19.42 0 19.6 19.200001|19.57 0 20.23 19.780001|19.469999 0 19.99 19.809999|19.49 0 20 19.5|
CHNR|0.6 0 0.93 0.88|0.91 0 0.91 0.9|1 0 1.07 0.91|1.04 0 1.04 1.02|1.06 0 1.09 1.09|1.18 0 1.18 1.1|1.08 0 1.08 1.08|1.14 0 1.14 1.08|1.11 0 1.11 1.11|1.16 0 1.16 1.16|1.16 0 1.16 1.15|1.19 0 1.19 1.15|1.15 0 1.34 1.24|1.15 0 1.15 1.15|1.28 0 1.41 1.24|1.3 0 1.33 1.28|1.32 0 1.35 1.34|1.36 0 1.38 1.35|1.43 0 1.43 1.41|
DGRE|18.18 0 18.77 18.77|17.940001 0 17.940001 17.91|17.84 0 18.150999 17.84|17.466 0 18.049999 18.049999|17.818001 0 17.818001 17.440001|17.59 0 17.91 17.844999|17.25 0 17.49 17.16|17.35 0 17.576 17.254999|17.85 0 18.049999 17.889999|17.559999 0 17.559999 17.306|17.82 0 18.212 17.959999|17.993 0 18.290001 17.914|18.15 0 18.381001 18.26|17.950001 0 17.950001 17.790001|18.190001 0 18.299999 18.02|18.35 0 18.497999 18.15|18.58 0 18.58 18.58|18.950001 0 19.079 18.996|18.76 0 19.700001 19.059999|
VPCO|0.02 0 0.03 0.02|0.03 0 0.04 0.03|0.03 0 0.04 0.03|0.04 0 0.04 0.03|0.1 0 0.1 0.04|0.11 0 0.12 0.1|0.08 0 0.14 0.11|0.1 0 0.1 0.08|0.1 0 0.13 0.11|0.18 0 0.18 0.14|0.18 0 0.22 0.18|0.2 0 0.2 0.19|0.22 0 0.22 0.2|0.27 0 0.27 0.21|0.32 0 0.32 0.22|0.25 0 0.31 0.26|0.31 0 0.32 0.27|0.6 0 0.6 0.31|0.64 0 0.66 0.64|
CVGW|49.849998 0 51.889999 51.75|50.240002 0 50.630001 49.880001|50.990002 0 51.189999 49.790001|50.77 0 51.59 51.18|51.880001 0 52.040001 50.43|51.75 0 52.130001 51.98|52.509998 0 52.959999 51.509998|51.150002 0 53 52.310001|51.18 0 52.540001 52.23|49.810001 0 50.759998 50.66|49.869999 0 51.950001 50.68|50.41 0 52.580002 49.759998|49.77 0 50.599998 50.23|48.689999 0 50.110001 49.43|48.52 0 49.240002 48.68|51.200001 0 51.200001 48.119999|48.619999 0 50.490002 49.709999|48.459999 0 49.84 49.130001|48.5 0 51.07 48.459999|
OTIV|0.45 0 0.5 0.47|0.45 0 0.47 0.45|0.45 0 0.48 0.45|0.42 0 0.45 0.44|0.42 0 0.42 0.42|0.43 0 0.43 0.41|0.36 0 0.42 0.4|0.36 0 0.36 0.36|0.37 0 0.37 0.35|0.35 0 0.37 0.35|0.35 0 0.38 0.37|0.34 0 0.38 0.35|0.33 0 0.35 0.34|0.39 0 0.39 0.36|0.37 0 0.39 0.36|0.44 0 0.44 0.37|0.44 0 0.49 0.43|0.45 0 0.47 0.44|0.47 0 0.48 0.44|
GARS|11.82 0 12.13 11.66|11.71 0 11.95 11.83|11.74 0 11.74 11.55|11.47 0 11.76 11.59|11.69 0 11.77 11.52|11.21 0 11.8 11.74|10.6 0 11.37 11.23|10.68 0 10.68 10.62|11.28 0 11.55 10.96|11.47 0 11.47 11.2|11.25 0 11.68 11.61|11.79 0 12.73 11.3|12.07 0 12.24 11.78|12.19 0 12.28 12.06|12.45 0 12.5 12.19|12.37 0 12.53 12.44|12.31 0 12.64 12.6|12.39 0 12.52 12.48|12.03 0 12.46 12.44|
NTEC|4.08 0 4.38 4.38|4.21 0 4.21 4.05|4.2 0 4.28 4.28|4.275 0 4.31 4.16|4.27 0 4.28 4.24|4.3 0 4.45 4.23|4.35 0 4.35 4.2|4.27 0 4.3 4.24|4.55 0 4.55 4.4|4.49 0 4.49 4.45|4.6 0 4.713 4.55|4.77 0 4.78 4.53|4.79 0 4.79 4.62|4.8 0 4.83 4.83|5.01 0 5.11 4.83|4.89 0 4.99 4.82|4.97 0 4.97 4.89|4.98 0 5.04 4.97|5.21 0 5.21 5|
ANDA|9.514 0 9.514 9.514|9.514 0 9.514 9.514|9.514 0 9.514 9.514|9.514 0 9.514 9.514|9.514 0 9.514 9.514|9.514 0 9.514 9.514|9.45 0 9.45 9.45|9.45 0 9.45 9.45|9.45 0 9.45 9.45|9.45 0 9.45 9.45|9.45 0 9.45 9.45|9.45 0 9.45 9.45|9.45 0 9.45 9.45|9.45 0 9.45 9.45|9.45 0 9.45 9.45|9.45 0 9.45 9.45|9.45 0 9.45 9.45|9.49 0 9.49 9.45|9.49 0 9.49 9.49|
TTHI|1.33 0 1.43 1.3|1.29 0 1.45 1.31|1.4 0 1.4 1.33|1.43 0 1.43 1.34|1.53 0 1.54 1.41|1.47 0 1.47 1.4|1.44 0 1.44 1.34|1.37 0 1.45 1.36|1.66 0 1.66 1.32|1.76 0 1.76 1.68|1.76 0 1.86 1.8|1.73 0 1.73 1.71|1.82 0 1.82 1.75|1.84 0 1.86 1.86|1.79 0 1.85 1.8|1.78 0 1.85 1.8|1.86 0 1.89 1.83|1.91 0 1.91 1.89|1.87 0 1.92 1.89|
DNAI|8.77 0 8.89 8.28|9.38 0 10.03 8.79|10 0 10.29 9.3|9.51 0 10.37 10.07|9.44 0 10.13 9.42|9.66 0 9.82 9.6|9.72 0 10.49 9.53|9.59 0 10.59 9.77|9.87 0 10.54 9.89|10.56 0 10.56 9.83|10.65 0 11.95 10.99|11.42 0 12.908 10.61|12.35 0 12.56 11.39|12.18 0 12.94 12.27|12.63 0 12.9 12.09|13 0 13 12.55|13.5 0 13.5 13.02|13.5 0 13.75 13.55|14.71 0 14.71 13.46|
LGCY|1.3 0 1.38 1.31|1.33 0 1.35 1.28|1.17 0 1.29 1.21|1.14 0 1.27 1.15|1.16 0 1.34 1.08|1.3 0 1.42 1.2|1.09 0 1.42 1.42|1.02 0 1.15 1.13|1.17 0 1.2 1.08|1.15 0 1.2 1.16|1.16 0 1.24 1.21|1.23 0 1.29 1.14|1.29 0 1.42 1.2|1.45 0 1.57 1.25|1.5 0 1.56 1.47|1.5 0 1.6 1.48|1.62 0 1.62 1.54|1.78 0 1.8 1.68|1.69 0 1.96 1.78|
DSLV|63.810001 0 64.300003 63.16|63.5 0 63.700001 63.5|60.400002 0 61.799999 60.5|62.220001 0 62.220001 60.02|64.230003 0 64.410004 63.73|64.589996 0 66.699997 66.699997|67.760002 0 68.610001 65.410004|65.830002 0 66.400002 65.059998|65.720001 0 66.889999 66.800003|65.970001 0 69.139999 68.849998|69.93 0 71.230003 69.5|68.599998 0 68.720001 65.610001|70.980003 0 72.129997 71.110001|67.870003 0 70.669998 70.089996|67.209999 0 69.5 69.050003|67.07 0 67.879997 64.379997|68.669998 0 70.040001 68.620003|69.349998 0 69.980003 69.099998|66.25 0 71.32 70.760002|
ACXM|18.059999 0 18.709999 18.700001|18.129999 0 18.18 17.959999|18.530001 0 18.639999 17.99|18.34 0 18.66 18.58|18.469999 0 18.58 18.280001|18.389999 0 18.620001 18.58|18.18 0 18.969999 18.110001|17.950001 0 18.299999 18.08|18.57 0 18.57 18.190001|18.459999 0 18.459999 18.379999|18.49 0 19.790001 18.85|19.129999 0 19.209999 18.35|18.969999 0 19.23 19.110001|18.98 0 19.25 18.860001|19.059999 0 19.309999 18.889999|19.32 0 19.610001 18.99|19.639999 0 19.92 19.68|20.24 0 20.34 19.98|20.51 0 20.709999 20.1|
UPIP|10.46 0 10.46 9.28|11.29 0 11.58 10.76|11.28 0 11.33 11.31|10.71 0 11.65 11.22|10.58 0 10.87 10.65|10.63 0 10.9 10.54|9.2 0 10.71 10.37|8.5 0 8.97 8.96|8.98 0 9.17 8.79|9.2 0 9.49 8.98|9.19 0 9.39 9.32|9.91 0 10.03 9.27|10.19 0 10.65 9.92|10.3 0 10.35 10.13|10.56 0 11 10.36|10.98 0 11.4 10.48|10.33 0 11.32 11.14|0.99 0 0.99 0.9|0.86 0 0.93 0.91|
MRLN|14.66 0 15.75 15.67|14.71 0 15.12 14.58|14.7 0 14.75 14.46|14.79 0 14.79 14.63|14.6 0 14.88 14.63|14.56 0 15.07 14.75|14.39 0 14.76 14.41|14.06 0 14.59 14.46|14.27 0 14.39 14.28|14.18 0 14.34 14.07|14.96 0 15.01 14.5|15.5 0 16 14.52|15.32 0 15.49 15.48|15.56 0 15.56 15.31|15.71 0 16.74 15.32|15.39 0 16.049999 15.58|15.34 0 15.85 15.74|15.52 0 15.59 15.51|15.75 0 15.78 15.35|
HBCP|25.870001 0 25.9 25.51|25.83 0 25.85 25.65|25.700001 0 25.93 25.65|25.4 0 25.690001 25.690001|24.790001 0 25.18 24.690001|24.629999 0 25.030001 25.030001|21.290001 0 24.450001 24.41|24.9 0 24.9 24.360001|26.200001 0 26.23 25.07|26.01 0 26.35 26.02|26.690001 0 26.690001 26.129999|25.879999 0 26.9 26.49|26.99 0 26.99 26.809999|26.790001 0 26.969999 26.85|26.77 0 26.9 26.790001|26.450001 0 26.790001 26.77|26.9 0 26.9 26.83|25.66 0 26.99 26.73|25.799999 0 26.389999 26.219999|
MARA|1.85 0 1.85 1.8|1.91 0 1.91 1.8|1.74 0 1.91 1.81|1.81 0 1.81 1.75|1.71 0 1.74 1.62|1.59 0 1.78 1.74|1.5 0 1.6 1.55|1.62 0 1.63 1.49|1.55 0 1.69 1.6|1.51 0 1.57 1.52|1.68 0 1.73 1.55|1.55 0 1.58 1.54|1.54 0 1.59 1.54|1.66 0 1.66 1.56|1.67 0 1.67 1.63|1.71 0 1.71 1.67|1.53 0 2.06 1.68|1.6 0 1.6 1.56|1.64 0 1.64 1.59|
BHAC|9.79 0 9.79 9.79|9.79 0 9.79 9.79|9.86 0 9.86 9.86|9.86 0 9.86 9.86|9.86 0 9.86 9.86|9.75 0 9.75 9.75|9.75 0 9.75 9.75|9.75 0 9.75 9.75|9.8 0 9.8 9.8|9.79 0 9.8 9.8|9.8 0 9.8 9.8|9.8 0 9.8 9.8|9.8 0 9.822 9.822|9.8 0 9.8 9.8|9.8 0 9.8 9.8|9.83 0 9.83 9.83|9.83 0 9.83 9.83|9.83 0 9.83 9.83|9.83 0 9.83 9.83|
GPIA|9.65 0 9.65 9.65|9.65 0 9.65 9.65|9.65 0 9.65 9.65|9.65 0 9.65 9.65|9.7 0 9.7 9.7|9.7 0 9.7 9.7|9.7 0 9.7 9.7|9.59 0 9.7 9.7|9.61 0 9.61 9.57|9.61 0 9.61 9.59|9.79 0 9.79 9.79|9.61 0 9.61 9.6|9.61 0 9.61 9.61|10 0 10.4 9.61|9.65 0 9.67 9.65|9.62 0 9.62 9.61|9.61 0 9.61 9.61|9.61 0 9.61 9.61|9.61 0 9.61 9.61|
CYTR|1.81 0 1.94 1.84|1.83 0 1.92 1.82|1.82 0 1.94 1.82|1.91 0 1.91 1.84|1.96 0 2.07 1.85|1.86 0 1.92 1.92|1.75 0 1.89 1.83|1.63 0 1.79 1.75|1.84 0 1.92 1.69|1.88 0 1.92 1.82|1.83 0 1.94 1.91|2.03 0 2.07 1.79|2.21 0 2.28 2.04|2.04 0 2.23 2.15|2.39 0 2.39 2.05|2.4 0 2.42 2.35|2.44 0 2.51 2.45|2.57 0 2.59 2.53|2.6 0 2.66 2.56|
LRCX|70.029999 0 72.449997 71.790001|68.510002 0 71 69.449997|68.800003 0 69.190002 67.5|68.059998 0 68.919998 68.739998|69.169998 0 69.169998 68|69.550003 0 70.459999 68.720001|69.949997 0 70.040001 68.120003|67.410004 0 70.360001 69.57|69.07 0 69.699997 67.459999|69.25 0 69.25 67.959999|69.779999 0 72.839996 71.949997|71.610001 0 72.300003 69.080002|72.519997 0 72.949997 71.440002|71.129997 0 71.370003 70.949997|72.379997 0 72.559998 70.480003|72.099998 0 73.519997 71.709999|76.5 0 77.099998 73.559998|78.160004 0 78.550003 78.150002|77.769997 0 78.209999 77.730003|
TOPS|0.31 0 0.31 0.27|0.28 0 0.28 0.28|0.32 0 0.32 0.26|0.32 0 0.32 0.32|0.32 0 0.33 0.26|0.18 0 0.31 0.3|0.13 0 0.2 0.19|0.25 0 0.25 0.2|0.25 0 0.26 0.25|0.26 0 0.3 0.25|0.25 0 0.28 0.27|0.32 0 0.32 0.27|0.25 0 0.32 0.27|0.3 0 0.3 0.28|0.3 0 0.31 0.3|0.32 0 0.32 0.32|0.32 0 0.34 0.33|0.42 0 0.42 0.36|0.3 0 0.31 0.31|
BWINB|24.469999 0 24.959999 24.73|25 0 25 24|23.950001 0 24.34 23.540001|23.610001 0 24.190001 23.889999|24.08 0 24.190001 23.52|23.379999 0 24.32 24.08|23.299999 0 23.5 23.299999|23.049999 0 23.91 23.58|23.42 0 23.67 23.309999|23.35 0 23.98 23.27|24.200001 0 24.200001 23.85|23.48 0 23.700001 23.129999|23.639999 0 23.639999 23.450001|23.360001 0 23.780001 23.620001|23.549999 0 23.77 23.190001|23.379999 0 23.82 23.450001|23.34 0 24.030001 23.709999|23.549999 0 23.77 23.5|24.030001 0 24.030001 23.540001|
AVNU|19.5 0 21.52 19.24|13.69 0 13.87 13.71|13.58 0 13.69 13.2|13.58 0 13.58 13.54|13.35 0 14.31 13.46|13 0 13.88 13.35|14.2 0 14.2 13.26|12.62 0 12.99 12.93|13.3 0 13.3 13.06|12.48 0 13.65 13.41|13.02 0 13.02 12.85|13.4 0 13.43 13.07|13.47 0 13.53 13.32|13.36 0 13.72 13.55|13.72 0 13.985 13.75|13.99 0 14.04 13.59|13.51 0 13.91 13.76|13.83 0 13.91 13.78|14 0 14.38 13.87|
ALGN|64.5 0 69.360001 66.139999|61.580002 0 62.200001 59.509998|62.400002 0 62.939999 61.419998|60.470001 0 62.34 62.209999|60.810001 0 61.330002 60.389999|61.18 0 61.459999 60.950001|60.459999 0 61.349998 60.73|59.16 0 60.939999 60.330002|60.27 0 61.049999 59.77|58.700001 0 59.860001 59.860001|59.310001 0 60.52 59.990002|61.889999 0 62.029999 58.860001|61 0 62.209999 61.77|64.779999 0 64.949997 61|64.379997 0 66.099998 64.529999|63.529999 0 64.889999 63.5|64.110001 0 65.82 64.870003|64.639999 0 67 64.949997|64.989998 0 65 64.269997|
RNWK|3.55 0 3.74 3.62|3.56 0 3.65 3.55|3.64 0 3.72 3.53|3.61 0 3.68 3.68|3.78 0 3.78 3.57|3.55 0 3.8 3.79|3.6 0 3.62 3.54|3.38 0 3.66 3.59|3.53 0 3.56 3.4|3.54 0 3.58 3.53|3.69 0 3.75 3.62|4 0 4.05 3.57|3.72 0 4.11 3.92|3.76 0 4.19 3.69|3.84 0 3.98 3.75|3.92 0 3.97 3.84|4.01 0 4.02 3.98|4.15 0 4.22 4.03|4.19 0 4.26 4.22|
ESSA|13.54 0 13.68 13.51|13.46 0 13.6 13.54|13.44 0 13.58 13.54|13.47 0 13.75 13.56|13.55 0 13.59 13.48|13.58 0 13.92 13.5|13.45 0 13.52 13.46|13.45 0 13.48 13.4|13.52 0 13.52 13.46|13.32 0 13.57 13.45|13.49 0 13.56 13.53|13.56 0 13.56 13.49|13.49 0 13.68 13.48|13.34 0 13.51 13.49|13.55 0 13.55 13.44|13.45 0 13.58 13.46|13.41 0 13.62 13.55|13.53 0 13.55 13.55|13.49 0 13.75 13.54|
BIOL|0.94 0 0.95 0.94|0.95 0 0.95 0.93|0.82 0 0.95 0.88|0.85 0 0.87 0.83|0.78 0 0.9 0.83|0.8 0 0.9 0.77|0.8 0 0.81 0.81|0.77 0 0.79 0.76|0.75 0 0.8 0.79|0.8 0 0.81 0.75|0.84 0 0.9 0.82|1 0 1 0.84|0.84 0 0.87 0.83|0.85 0 0.91 0.84|0.84 0 0.95 0.88|0.84 0 0.88 0.84|1.04 0 1.04 0.9|0.91 0 1.05 0.98|0.83 0 0.94 0.89|
HURN|55.209999 0 56.380001 56.110001|56.529999 0 57.25 54.860001|56.41 0 57.98 56.110001|54.259998 0 57.470001 56.759998|53.759998 0 54.580002 54.139999|54.27 0 54.66 54.16|54.330002 0 55.82 53.669998|53.509998 0 55.490002 54.52|55.099998 0 55.630001 54.369999|53.740002 0 55.150002 54.93|53.619999 0 56.509998 55.240002|56.830002 0 57.080002 53.220001|56.220001 0 57.119999 56.68|55.43 0 56.57 55.91|55.470001 0 56.5 55.400002|56.959999 0 57.150002 55.27|57.529999 0 59.009998 57.830002|56.66 0 58.400002 58.25|58.540001 0 58.959999 56.630001|
EAGLU|9.9 0 10.06 10.06|10 0 10.01 10.01|10 0 10 10|10 0 10 10|9.89 0 10 10|10.01 0 10.01 9.98|9.85 0 9.85 9.85|9.9 0 10.01 10.01|10.01 0 10.01 10|9.83 0 10.01 10.01|10.01 0 10.01 10|10.03 0 10.03 10|10 0 10.005 10|10 0 10.01 10.01|10.02 0 10.02 10.01|10.12 0 10.14 10.06|10.09 0 10.11 10.1|10 0 10 10|10 0 10 10|
ATML|8.05 0 8.07 8.06|8.01 0 8.04 8.04|8 0 8.05 8.03|7.97 0 8.04 8.02|8 0 8.01 7.97|8 0 8.02 8|7.95 0 8.03 7.97|7.95 0 7.97 7.97|7.91 0 7.96 7.96|7.89 0 7.94 7.9|7.88 0 8.03 7.93|8 0 8.02 7.96|7.93 0 7.94 7.68|7.88 0 7.99 7.86|8 0 8.06 7.81|8.18 0 8.18 7.92|8.55 0 8.63 8.57|8.67 0 8.7 8.63|8.52 0 8.8 8.68|
HNSN|1.92 0 2.2 2.15|2 0 2 1.81|2.06 0 2.06 1.96|2.07 0 2.18 1.99|1.56 0 2.08 2|1.45 0 1.57 1.56|1.47 0 1.47 1.3|1.35 0 1.47 1.44|1.39 0 1.42 1.37|1.38 0 1.5 1.44|2.1 0 2.15 1.44|2.01 0 2.15 1.94|2.28 0 2.28 2.06|2.03 0 2.09 2.03|2.01 0 2.18 2.07|2.27 0 2.27 2.1|2.24 0 2.32 2.23|2.28 0 2.28 2.24|2.36 0 2.36 2.31|
BWFG|19.5 0 19.870001 19.5|19.5 0 19.67 19.540001|19.5 0 19.52 19.5|19.59 0 19.639999 19.52|19.450001 0 19.700001 19.700001|19.5 0 19.6 19.5|19.52 0 19.59 19.5|19.4 0 19.74 19.49|19.73 0 19.77 19.48|19.48 0 19.58 19.459999|19.559999 0 19.58 19.5|19.799999 0 19.799999 19.65|19.799999 0 19.9 19.9|19.93 0 20 19.9|19.65 0 19.799999 19.799999|19.889999 0 19.99 19.76|19.790001 0 19.799999 19.76|19.93 0 19.93 19.809999|19.879999 0 19.879999 19.799999|
CSX|22.549999 0 23.030001 23.02|22.27 0 22.52 22.370001|22.299999 0 22.67 21.969999|22.15 0 22.35 22.27|22.35 0 22.52 21.969999|22.92 0 23.219999 22.42|22 0 22.809999 22.360001|22.290001 0 22.58 22.290001|23.120001 0 23.299999 22.73|22.25 0 22.83 22.76|22.65 0 23.790001 23.26|23.52 0 23.91 22.35|23.58 0 24.139999 23.700001|23.379999 0 23.790001 23.52|23.799999 0 23.85 23.48|23.82 0 24.299999 23.620001|25.07 0 25.219999 24.370001|25.799999 0 25.99 25.530001|25.370001 0 25.799999 25.790001|
EGLE|1.3 0 1.34 1.32|1.38 0 1.4 1.28|1.41 0 1.44 1.38|1.47 0 1.58 1.43|1.5 0 1.64 1.45|1.61 0 1.76 1.53|1.52 0 1.64 1.59|1.64 0 1.64 1.53|2.06 0 2.07 1.67|2.18 0 2.18 2.05|2.15 0 2.46 2.25|2.33 0 2.38 2.13|2.54 0 2.57 2.33|2.7 0 2.71 2.53|2.78 0 2.78 2.66|3.01 0 3.01 2.78|3.15 0 3.23 3.09|3.23 0 3.23 3.17|3.49 0 3.49 3.25|
CBPO|122 0 128.869995 128.270004|126.389999 0 126.5 122.82|130 0 131.199997 125.349998|129.399994 0 131.830002 130.529999|124.660004 0 135.449997 130.399994|121.860001 0 124.93 124.720001|124 0 125.68 120.279999|124.550003 0 126.650002 122.610001|128 0 130.490005 126.889999|122 0 126.339996 125.830002|117.82 0 128 126.980003|132.100006 0 132.929993 117.959999|126.43 0 133.179993 132.839996|130.380005 0 131.479996 126.260002|130.169998 0 135.5 129.910004|122.760002 0 129.360001 128.869995|131.630005 0 131.630005 124.989998|142.029999 0 144.289993 132.110001|139 0 142.5 142.080002|
DGICA|13.6 0 14.15 14.11|13.54 0 13.64 13.53|13.62 0 13.67 13.44|13.37 0 13.68 13.6|13.21 0 13.53 13.29|13.06 0 13.4 13.34|12.82 0 13.15 12.96|13 0 13.02 12.78|13.24 0 13.55 13.06|13.25 0 13.48 13.12|13.49 0 13.73 13.55|13.81 0 13.94 13.45|14.04 0 14.04 13.79|13.95 0 13.96 13.8|13.99 0 14.11 13.78|14.03 0 14.21 13.84|14.01 0 14.31 14.21|14.09 0 14.22 14.11|14.01 0 14.28 14.05|
NWBI|12.59 0 12.59 12.57|12.57 0 12.65 12.56|12.36 0 12.6 12.47|11.87 0 12.42 12.42|12.16 0 12.16 11.84|12.14 0 12.22 12.18|12.26 0 12.28 12.03|12.06 0 12.35 12.26|12.4 0 12.5 12.28|12.05 0 12.29 12.29|12.39 0 12.52 12.34|12.73 0 12.97 12.38|12.78 0 12.97 12.72|12.67 0 12.8 12.71|12.96 0 13.09 12.66|12.93 0 13.04 12.9|13.03 0 13.17 13.08|13.11 0 13.24 13.17|13.23 0 13.33 13.1|
BPOPN|20.450001 0 20.75 20.75|20.459999 0 20.459999 20.459999|20.299999 0 20.459999 20.459999|20.200001 0 20.309999 20.27|20 0 20.18 19.549999|20.030001 0 20.25 20|19.85 0 19.85 19.85|19.059999 0 20.1 20|19.74 0 20.1 19.65|19.5 0 19.549999 19.549999|19.360001 0 19.75 19.360001|19.360001 0 19.450001 19.360001|19.379999 0 19.75 19.5|19.450001 0 19.5 19.1|19.6 0 19.6 19.459999|19.860001 0 19.860001 19.549999|19.629999 0 19.68 19.68|19.6 0 19.67 19.67|19.469999 0 19.530001 19.530001|
PRPH|1.27 0 1.27 1.22|1.24 0 1.27 1.22|1.25 0 1.25 1.24|1.23 0 1.26 1.22|1.26 0 1.26 1.22|1.2 0 1.28 1.22|1.25 0 1.25 1.22|1.26 0 1.28 1.24|1.34 0 1.34 1.32|1.31 0 1.4 1.4|1.3 0 1.31 1.27|1.35 0 1.36 1.36|1.44 0 1.44 1.35|1.36 0 1.36 1.31|1.42 0 1.42 1.39|1.44 0 1.49 1.46|1.52 0 1.55 1.44|1.35 0 1.51 1.51|1.43 0 1.43 1.39|
MGEE|47.610001 0 48.869999 48.450001|47.299999 0 48.470001 47.669998|46.77 0 47.490002 46.950001|47.240002 0 47.939999 47.049999|47.509998 0 47.549999 47.02|46.889999 0 47.75 47.68|46.669998 0 46.98 46.57|47.34 0 47.639999 46.650002|46.689999 0 47.779999 47.549999|46.029999 0 46.689999 46.450001|46.349998 0 47.419998 47.049999|46.509998 0 46.650002 46.240002|46.790001 0 46.93 46.279999|45.919998 0 46.709999 46.619999|45.540001 0 46.220001 45.720001|45.380001 0 45.790001 45.52|45.279999 0 45.98 45.970001|45.360001 0 45.759998 45.740002|46.009998 0 46.009998 45.34|
AVHI|9.94 0 10.47 10.22|10.11 0 10.29 9.98|9.97 0 10.59 10|9.61 0 10.02 10.01|10.32 0 10.32 9.55|10.63 0 10.65 10.4|10.1 0 10.7 10.47|9.45 0 10.14 10|10.3 0 10.52 9.47|10.38 0 11.38 9.89|10.99 0 11.18 10.63|11.77 0 11.84 10.91|12.22 0 12.22 11.73|12.14 0 12.24 12.15|12 0 12.28 12.12|12.7 0 13.24 11.98|12.64 0 12.91 12.91|12.96 0 13.3 12.75|12.66 0 12.76 12.66|
RUSHA|18.280001 0 19.17 19.1|18.360001 0 18.92 18.219999|18.639999 0 18.700001 18.190001|18.370001 0 18.85 18.68|18.68 0 18.879999 18.209999|18.67 0 19.030001 18.799999|18.48 0 18.93 18.379999|17.389999 0 18.49 18.34|18.67 0 18.73 17.77|18.379999 0 19.389999 18.549999|18.82 0 19.25 18.93|18.91 0 19.469999 18.780001|19.1 0 19.41 19.040001|19.540001 0 19.77 19.15|19.5 0 19.76 19.370001|20.1 0 20.85 19.549999|20.66 0 21.440001 20.85|21.549999 0 21.690001 21.389999|21.51 0 22.200001 21.469999|
PRMW|9.25 0 9.44 9.32|9.5 0 9.56 9.24|9.25 0 9.56 9.42|8.76 0 9.43 9.28|8.61 0 8.94 8.72|8.19 0 8.66 8.61|8.56 0 8.59 8.09|8.41 0 8.66 8.58|8.33 0 8.63 8.45|8.63 0 8.75 8.33|8.53 0 8.76 8.74|9.09 0 9.24 8.56|9.02 0 9.31 9.02|8.59 0 9.2 8.93|8.48 0 8.93 8.54|8.35 0 9.11 8.41|8.45 0 8.74 8.43|8.12 0 8.68 8.51|7.89 0 8.16 8.14|
FNLC|18.58 0 19.200001 19.110001|18.629999 0 18.629999 18.4|18.23 0 18.76 18.110001|18.370001 0 18.950001 18.68|18.459999 0 18.92 18.190001|18.549999 0 18.620001 18.450001|18.5 0 18.700001 18.25|17.780001 0 18.5 18.42|18.370001 0 18.799999 17.84|18.07 0 18.360001 17.809999|18.280001 0 18.84 18.5|18.93 0 19.15 18.129999|19.25 0 19.370001 18.549999|19.02 0 19.41 18.91|19.51 0 19.790001 19.02|20.08 0 20.190001 19.35|19.73 0 20.42 20.370001|19.549999 0 20.5 19.940001|20.459999 0 20.459999 19.65|
SNPS|41.869999 0 42.900002 42.900002|41.759998 0 41.900002 41.610001|41.549999 0 42.040001 41.509998|41.330002 0 41.970001 41.779999|41.549999 0 41.959999 41.119999|41.139999 0 41.740002 41.700001|40.959999 0 41.23 40.689999|39.98 0 41.369999 40.939999|41.259998 0 41.360001 40.689999|40.119999 0 40.970001 40.959999|40.830002 0 41.619999 41.25|42.110001 0 42.169998 40.529999|42.439999 0 43.02 42.02|42.630001 0 42.720001 42.09|43.459999 0 43.650002 42.349998|43.5 0 43.990002 43.279999|44.369999 0 44.860001 44.310001|45.150002 0 46 44.970001|45.110001 0 45.110001 44.919998|
BCOV|5.38 0 5.55 5.54|5.41 0 5.43 5.39|5.64 0 5.64 5.34|5.63 0 5.71 5.64|5.8 0 5.8 5.59|5.65 0 5.83 5.77|5.55 0 5.66 5.54|5.7 0 5.73 5.51|5.92 0 5.95 5.79|5.74 0 5.89 5.86|5.85 0 6.04 5.96|5.99 0 6.17 5.78|5.99 0 6.1 5.9|5.88 0 5.97 5.95|5.92 0 5.99 5.81|5.95 0 6.21 5.93|5.95 0 6.16 6.02|6.03 0 6.25 6.1|6.15 0 6.18 5.98|
SIGI|30 0 31.360001 31.309999|29.75 0 29.98 29.950001|29.879999 0 30.08 29.57|29.85 0 30.25 29.969999|29.889999 0 30.83 29.74|29.870001 0 30.17 29.98|30.42 0 30.75 29.709999|30.360001 0 30.84 30.459999|30.629999 0 31.190001 30.629999|29.780001 0 30.469999 30.370001|30.450001 0 31.969999 30.67|31.82 0 31.82 30.48|31.540001 0 31.780001 31.76|31.139999 0 31.52 31.26|31.950001 0 32.23 31.02|32.139999 0 32.68 31.809999|32.470001 0 32.939999 32.779999|32.43 0 33.07 32.91|32.919998 0 33.259998 32.419998|
ABCO|43.82 0 46.02 45.77|43.98 0 44.689999 43.799999|43.150002 0 44.610001 43.759998|44.630001 0 44.630001 43.240002|44.43 0 45.150002 44.52|44.360001 0 45.419998 44.540001|45.23 0 45.23 43.950001|43.619999 0 45.400002 44.830002|44.639999 0 45.02 44.220001|44.759998 0 45.290001 44.150002|45.68 0 48.5 45.84|46.639999 0 48.490002 45.529999|46.25 0 47.389999 46.549999|45.66 0 46.25 45.919998|46.5 0 47.16 45.380001|46.23 0 47.32 46.380001|46.759998 0 47.529999 46.950001|47.459999 0 48.07 47.529999|48.939999 0 49.169998 47.240002|
CSOD|30.58 0 31.17 30.690001|31.059999 0 31.110001 30.360001|31.76 0 31.940001 30.98|31.68 0 32.349998 31.83|33.32 0 33.32 31.639999|32.59 0 33.139999 32.860001|31.85 0 32.93 32.139999|29.84 0 31.450001 31.24|31.66 0 32.009998 30.35|31.120001 0 31.32 31.200001|29.99 0 32.32 32.049999|31.639999 0 32 30.15|30.200001 0 31.120001 30.16|30.139999 0 30.48 29.889999|31.15 0 31.52 30.110001|32.119999 0 32.380001 31.01|31.110001 0 33.189999 32.720001|34.16 0 34.419998 33.91|33.93 0 35.16 34.150002|
SBNY|135.869995 0 139.429993 139.339996|134.580002 0 137.080002 135.699997|132.479996 0 136.270004 133.229996|129.660004 0 133.490005 133.179993|135.050003 0 135.789993 128.660004|135.059998 0 136.990005 135.360001|137.240005 0 143.320007 139.089996|133.729996 0 138.190002 136.710007|136.399994 0 137.75 135.729996|133.070007 0 135 134.729996|135.039993 0 137.380005 136.479996|138.330002 0 139 134.470001|137.949997 0 140 137.830002|136.240005 0 137.729996 136.5|140.320007 0 141.919998 135.899994|140.410004 0 142.020004 138.929993|142.550003 0 145.279999 143.169998|145.190002 0 147 145.679993|151.429993 0 151.429993 145.289993|
CBAN|9.39 0 9.86 9.31|9.31 0 9.45 9.35|9.38 0 9.45 9.45|9.31 0 9.31 9.31|9.31 0 9.45 9.33|9.45 0 9.45 9.35|9.4 0 9.4 9.31|9.83 0 9.83 9.31|9.6 0 9.62 9.31|9.73 0 9.88 9.58|9.55 0 9.95 9.95|9.65 0 9.94 9.89|9.65 0 9.65 9.65|9.8 0 9.8 9.8|9.69 0 9.8 9.8|9.6 0 9.69 9.69|10 0 10 9.69|9.85 0 10.04 9.89|9.51 0 9.75 9.57|
NTRS|60.119999 0 62.080002 62.080002|60.299999 0 60.810001 59.77|59.91 0 61.82 59.810001|59.119999 0 60.439999 59.849998|59.939999 0 60.279999 58.790001|60.59 0 61.02 60.419998|62.040001 0 62.27 59.009998|63 0 63 61.43|64.879997 0 65.379997 63.93|63.950001 0 65.769997 63.779999|65.389999 0 66.550003 65.739998|66.580002 0 66.860001 64.75|66.769997 0 66.830002 66.309998|66.68 0 67.599998 65.889999|68.010002 0 68.010002 65.93|67.370003 0 68.199997 67.18|69.190002 0 69.580002 69.010002|70.860001 0 71.129997 70.690002|70.290001 0 70.900002 70.589996|
FTNT|30 0 30.030001 28.139999|26.32 0 26.469999 26.360001|26.610001 0 26.969999 25.83|26.52 0 27.15 26.870001|27.59 0 28.059999 27.209999|27.110001 0 27.870001 27.75|26.280001 0 27.18 26.73|24.07 0 26.32 25.99|28.48 0 28.700001 26.459999|28.34 0 28.51 28.280001|28.75 0 29.66 29.290001|29.5 0 29.950001 28.389999|28.540001 0 29.139999 28.73|28.809999 0 28.93 28.35|29.190001 0 29.469999 28.610001|28.9 0 29.639999 29.17|29.379999 0 29.58 29.5|30.209999 0 30.309999 29.84|30.540001 0 30.99 30.23|
CBFV|20.25 0 20.4 19.99|19.860001 0 19.860001 19.809999|20 0 20.280001 19.76|19.75 0 19.870001 19.870001|20.5 0 20.5 19.790001|20.280001 0 20.75 20.75|20.9 0 20.9 20.9|20.9 0 20.9 20.9|20.99 0 20.99 20.9|21.67 0 21.780001 20.99|22.01 0 22.01 21.940001|22.15 0 22.15 22.15|22.530001 0 22.530001 22|23 0 23 22.790001|22.59 0 22.9 22.9|22.9 0 22.9 22.860001|22.969999 0 22.969999 22.85|22.780001 0 22.889999 22.66|22.959999 0 22.959999 22.75|
NSSC|5.31 0 5.55 5.45|5.39 0 5.39 5.27|5.5 0 5.52 5.34|5.37 0 5.44 5.33|5.35 0 5.38 5.32|5.27 0 5.45 5.39|5.32 0 5.47 5.4|5.12 0 5.37 5.33|5.3 0 5.33 5.18|5.3 0 5.43 5.23|5.3 0 5.53 5.38|5.5 0 5.54 5.41|5.55 0 5.56 5.47|5.49 0 5.56 5.51|5.67 0 5.67 5.47|5.72 0 5.73 5.66|5.74 0 5.81 5.74|5.89 0 5.9 5.83|5.79 0 5.9 5.9|
NEO|6.74 0 6.88 6.82|6.84 0 6.85 6.69|6.86 0 6.91 6.78|7.01 0 7.04 6.9|6.94 0 7.1 7|7 0 7.04 6.95|7 0 7.11 6.89|6.69 0 7.09 6.99|7.05 0 7.1 6.82|6.87 0 7.05 7.03|6.77 0 7.14 7.09|6.77 0 6.96 6.75|6.82 0 7 6.72|6.92 0 6.95 6.73|7.03 0 7.32 6.92|6.91 0 7 6.85|7.15 0 7.16 7.07|7.55 0 7.58 7.24|7.82 0 8 7.56|
JCOM|70.18 0 72.550003 72.510002|70.139999 0 71.050003 69.93|72.57 0 72.720001 69.489998|72.790001 0 73.529999 72.760002|72.870003 0 73.93 72.300003|72.940002 0 73.459999 73.110001|73.230003 0 74.580002 71.870003|71.870003 0 74.330002 72.800003|74.610001 0 74.93 72.709999|73.919998 0 75.559998 73.910004|73.75 0 76.309998 75.809998|78.480003 0 78.5 73.589996|77.910004 0 78.470001 78.07|76.589996 0 77.589996 77.080002|76.989998 0 78.019997 76.519997|78.220001 0 78.910004 76.959999|78.889999 0 80.470001 79.690002|80.699997 0 81.580002 79.779999|81.050003 0 81.330002 80.510002|
LANC|103.5 0 103.690002 101.68|107.980003 0 114.980003 104.050003|117.650002 0 119.43 116.5|118.5 0 119.650002 118.010002|118.589996 0 119.800003 117.989998|117.360001 0 119.019997 118.660004|117.019997 0 117.510002 116.830002|115.559998 0 117.5 116.43|116.07 0 117.07 116.480003|112.800003 0 114.839996 114.720001|114.540001 0 116.230003 115.209999|117.050003 0 117.300003 114.129997|115.099998 0 116.809998 116.709999|114.93 0 115.279999 114|116.419998 0 116.82 113.989998|114.220001 0 116.599998 116.190002|114.489998 0 116.559998 115.720001|113.419998 0 116.360001 116.019997|113.839996 0 114.760002 112.870003|
ULTA|175.339996 0 181.300003 181.169998|175.830002 0 175.839996 174.339996|178.830002 0 179.559998 173.929993|176.580002 0 179.949997 179.130005|178.5 0 179.789993 175.660004|177.949997 0 180.160004 179.729996|174.5 0 180.580002 176.5|173.300003 0 175.960007 174.259995|171.979996 0 177.949997 175.309998|173.199997 0 174.490005 170.449997|179.089996 0 180.369995 177.880005|186 0 186 179.089996|182.809998 0 185.979996 185.619995|182.639999 0 183.929993 182|184.800003 0 184.800003 182.169998|179.800003 0 186.490005 182.979996|180.389999 0 183.270004 183.210007|182.570007 0 183.880005 182.669998|182.669998 0 184.600006 181.809998|
HSTM|20.91 0 22 21.9|20.469999 0 20.92 20.91|20.23 0 21.01 20.32|19.92 0 20.549999 20.33|20.42 0 20.67 19.76|20.25 0 20.780001 20.450001|19.860001 0 20.42 20.01|19.049999 0 19.969999 19.74|18.98 0 19.74 19.309999|18.84 0 19.08 18.200001|19.639999 0 20.09 19.41|20.35 0 20.74 19.440001|20.49 0 21.1 20.309999|19.91 0 20.41 20.26|20.58 0 20.83 19.799999|21.07 0 21.75 20.59|21.209999 0 22.16 21.5|21.4 0 21.879999 21.76|21.610001 0 21.709999 21.360001|
XGTIW|0.045 0 0.045 0.045|0.045 0 0.045 0.045|0.045 0 0.045 0.045|0.045 0 0.045 0.045|0.045 0 0.045 0.045|0.045 0 0.045 0.045|0.045 0 0.045 0.045|0.02 0 0.045 0.045|0.065 0 0.065 0.065|0.065 0 0.065 0.065|0.065 0 0.065 0.065|0.035 0 0.065 0.065|0.05 0 0.05 0.05|0.05 0 0.05 0.05|0.05 0 0.05 0.05|0.05 0 0.05 0.05|0.05 0 0.05 0.05|0.05 0 0.05 0.05|0.05 0 0.05 0.05|
HSNI|46.200001 0 47.150002 47.060001|46.77 0 46.77 46.18|49.209999 0 49.389999 46.25|47.810001 0 49.27 49.220001|48.209999 0 48.509998 47.689999|48.509998 0 48.790001 48.290001|47.77 0 48.759998 48|46.860001 0 48.139999 47.639999|47.950001 0 48.73 47.509998|45.950001 0 48.959999 47.5|47.700001 0 48 46.990002|49 0 49.130001 47.540001|48.700001 0 49.599998 48.91|48.130001 0 49.009998 48.349998|50.450001 0 51.259998 48.029999|50.299999 0 51.330002 50.360001|50.759998 0 51.799999 51.290001|50.459999 0 51.799999 51.459999|50.189999 0 50.970001 50.310001|
SPAN|18.76 0 19.5 19.299999|18.75 0 19.450001 18.799999|19 0 19 19|18.49 0 19 19|18.549999 0 18.879999 18.620001|18.700001 0 18.889999 18.799999|18.68 0 18.9 18.780001|18.870001 0 19.15 18.709999|19.18 0 19.18 18.92|19.360001 0 19.379999 19|18.93 0 19.5 19.5|19.120001 0 19.120001 19.1|18.799999 0 18.870001 18.85|19.09 0 19.09 18.82|18.780001 0 19.4 19.1|18.610001 0 18.610001 18.610001|19.629999 0 19.629999 18.700001|19.139999 0 19.139999 19.120001|19.700001 0 19.700001 19.110001|
TIVO|7.7 0 7.99 7.98|7.81 0 7.83 7.72|7.66 0 7.85 7.7|7.64 0 7.76 7.7|7.65 0 7.72 7.62|7.61 0 7.75 7.7|7.77 0 7.77 7.5|7.58 0 7.87 7.74|7.87 0 7.96 7.7|7.84 0 7.91 7.82|7.88 0 8.18 8.08|7.93 0 8.08 7.86|7.97 0 8.05 7.87|7.95 0 7.97 7.89|8.06 0 8.12 7.92|8.01 0 8.18 8.03|8.2 0 8.28 8.16|8.34 0 8.45 8.3|8.38 0 8.49 8.34|
PDBC|14.785 0 14.88 14.83|14.84 0 14.84 14.72|14.33 0 14.6 14.51|14.25 0 14.54 14.38|14.33 0 14.33 14.09|14.37 0 14.44 14.44|13.76 0 14.03 13.98|13.83 0 13.88 13.83|14.07 0 14.09 13.98|14.14 0 14.14 14.02|14.29 0 14.4 14.36|14.3 0 14.37 14.29|14.554 0 14.554 14.381|14.97 0 14.97 14.54|15 0 15 14.92|14.9 0 15.13 14.95|15.1 0 15.16 15.02|15.387 0 15.387 15.3|16.200001 0 16.200001 15.44|
EMCF|23.26 0 23.969999 23.969999|23.879999 0 23.879999 23.879999|23.879999 0 23.879999 23.879999|23.879999 0 23.879999 23.879999|23.879999 0 23.879999 23.879999|23.5 0 23.5 23.5|23.5 0 23.5 23.5|23.5 0 23.5 23.5|23.67 0 23.67 23.67|23.709999 0 24.040001 24.040001|23.84 0 23.84 23.84|23.92 0 24 23.85|23.950001 0 24.1 24.1|24.299999 0 24.299999 24.299999|24.299999 0 24.299999 24.299999|24.299999 0 24.299999 24.299999|24 0 24.299999 24.299999|24.6 0 24.6 24|24.549999 0 24.6 24.01|
DNKN|39.02 0 39.369999 39.360001|38.09 0 39.689999 39|38.509998 0 38.73 37.73|37.799999 0 38.77 38.560001|38.580002 0 38.700001 37.91|38.220001 0 38.5 38.439999|37.779999 0 38.939999 38.189999|37.470001 0 38.279999 37.799999|37.759998 0 38.240002 37.869999|37.509998 0 37.860001 37.860001|38.490002 0 38.73 38.130001|38.82 0 39.200001 38.360001|38.580002 0 39.110001 38.740002|38.5 0 38.779999 38.68|38.889999 0 38.970001 38.27|39 0 39.650002 38.27|39.75 0 40.639999 40.209999|41.049999 0 41.119999 40.18|41.900002 0 42.02 40.939999|
EGT|2.1 0 2.1 2.1|1.71 0 2.15 2.15|1.62 0 1.62 1.62|1.72 0 1.72 1.72|1.65 0 1.65 1.62|1.71 0 1.71 1.71|1.78 0 1.78 1.71|1.89 0 1.89 1.84|1.81 0 1.89 1.83|1.99 0 1.99 1.88|1.89 0 1.95 1.84|2.06 0 2.09 1.9|1.78 0 2.09 2.05|2.03 0 2.04 2.02|2.09 0 2.09 2.09|2.02 0 2.17 2.09|1.97 0 2.15 2.1|2.02 0 2.02 2|1.89 0 2.18 1.99|
IFON|1.37 0 1.37 1.35|1.39 0 1.39 1.38|1.36 0 1.45 1.38|1.38 0 1.44 1.36|1.4 0 1.46 1.37|1.37 0 1.45 1.44|1.33 0 1.38 1.31|1.38 0 1.38 1.35|1.31 0 1.47 1.45|1.26 0 1.32 1.26|1.28 0 1.31 1.29|1.34 0 1.43 1.25|1.34 0 1.5 1.35|1.39 0 1.41 1.41|1.37 0 1.51 1.42|1.45 0 1.47 1.37|1.48 0 1.5 1.48|1.53 0 1.56 1.49|1.54 0 1.54 1.49|
LIVN|51.84 0 56.02 55.98|53.110001 0 54.450001 51.759998|53.73 0 54.099998 52.639999|53.93 0 54.849998 54.189999|53.209999 0 54.560001 53.790001|52.779999 0 53.380001 53.23|53.650002 0 53.805 52.110001|52 0 54.25 53.48|53.810001 0 54.790001 52.759998|51.810001 0 53.419998 53.34|53.099998 0 54.099998 53.049999|54.5 0 54.639999 53.130001|55.82 0 55.997002 54.259998|53.400002 0 55.57 55.470001|54.439999 0 54.799999 52.740002|54.740002 0 55.240002 54.209999|55.049999 0 56.099998 55.619999|56.619999 0 57.349998 55.970001|58.439999 0 58.439999 56.34|
WOOF|49.799999 0 51.299999 51.27|51.400002 0 51.48 49.5|51.290001 0 53.27 51.099998|49.650002 0 51.400002 51.16|50.16 0 50.57 49.84|49 0 50.419998 50.41|48.240002 0 50.77 48.509998|44.549999 0 47.52 47|46.259998 0 46.290001 45.169998|46.389999 0 46.389999 45.619999|47.040001 0 47.57 47.150002|51.77 0 52.049999 47.040001|53.650002 0 53.810001 51.740002|52.91 0 53.720001 53.34|52.77 0 53.060001 52.66|52.77 0 53.360001 52.450001|53 0 53.830002 53.720001|53.709999 0 54.43 53.599998|54.080002 0 54.880001 53.73|
SENEA|27.32 0 27.870001 27.629999|27.41 0 27.530001 27.15|27.620001 0 27.639999 27.209999|27.73 0 27.969999 27.5|28.030001 0 28.030001 27.629999|27.809999 0 28.07 27.98|27.709999 0 27.77 27.620001|27.139999 0 27.690001 27.620001|27.629999 0 27.629999 27.309999|27.110001 0 27.6 27.309999|27.75 0 28.24 27.709999|28.450001 0 28.51 27.559999|28.4 0 28.51 28.309999|27.889999 0 28.450001 28.41|28.01 0 28.459999 27.57|28.25 0 28.290001 27.77|28.27 0 28.77 28.48|28.790001 0 28.93 28.42|28.98 0 28.98 28.51|
FOLD|5.77 0 6.27 6.04|6.33 0 6.43 5.78|6.85 0 6.93 6.25|7.3 0 7.31 6.84|7.44 0 7.81 7.22|7.5 0 7.67 7.51|7.32 0 7.83 7.26|6.58 0 7.43 7.22|7.28 0 7.54 6.79|6.85 0 7.55 7.36|6.45 0 7.44 7.42|7.37 0 7.57 6.54|7.42 0 7.84 7.31|7.71 0 8.05 7.31|8.11 0 8.29 7.85|8.63 0 8.63 8.05|8.99 0 9.14 8.79|9.11 0 9.6 9.21|9.4 0 9.52 9.03|
FTNT|30 0 30.030001 28.139999|26.32 0 26.469999 26.360001|26.610001 0 26.969999 25.83|26.52 0 27.15 26.870001|27.59 0 28.059999 27.209999|27.110001 0 27.870001 27.75|26.280001 0 27.18 26.73|24.07 0 26.32 25.99|28.48 0 28.700001 26.459999|28.34 0 28.51 28.280001|28.75 0 29.66 29.290001|29.5 0 29.950001 28.389999|28.540001 0 29.139999 28.73|28.809999 0 28.93 28.35|29.190001 0 29.469999 28.610001|28.9 0 29.639999 29.17|29.379999 0 29.58 29.5|30.209999 0 30.309999 29.84|30.540001 0 30.99 30.23|
PCBK|15.22 0 16.15 16.139999|14.71 0 15.51 15.2|15.37 0 15.39 15.05|15.35 0 15.67 15.44|15.56 0 15.63 15.32|15.33 0 15.69 15.53|14.37 0 15.09 14.88|13.74 0 14.49 14.19|13.83 0 14.05 13.92|13.72 0 14.01 13.78|14.14 0 14.39 14.1|14.52 0 14.64 14.1|14.87 0 14.93 14.6|14.59 0 14.68 14.59|14.73 0 14.73 14.56|14.71 0 14.81 14.71|14.57 0 15.01 14.92|14.53 0 14.76 14.75|14.68 0 14.68 14.54|
VNRBP|5.06 0 5.98 5.98|4.74 0 5.104 4.94|4.37 0 4.73 4.43|4.3 0 4.88 4.32|4.37 0 4.74 4.17|4 0 4.15 4.15|2.88 0 3.73 3.46|2.91 0 3.019 2.74|3.08 0 3.57 3.1|4.6 0 4.781 2.78|5.02 0 5.43 4.39|5.86 0 6.25 5.11|6.8 0 7.19 6.064|8 0 8.05 6.77|7.93 0 8.4 7.7|8.79 0 9.29 7.96|8.94 0 9.01 8.4|9.314 0 9.67 9.05|9 0 9.47 9.24|
CPHD|28.75 0 29.879999 29.450001|29.93 0 29.93 28.790001|31.42 0 31.76 29.5|32 0 32.5 31.610001|32.57 0 33.240002 31.860001|33.369999 0 33.82 32.93|34.139999 0 34.970001 32.68|32.220001 0 34.189999 33.639999|33.189999 0 33.380001 32.720001|32.049999 0 32.619999 32.59|32.73 0 33.880001 33.130001|34.689999 0 35.18 32.689999|33.639999 0 35.150002 34.599998|33.509998 0 34 33.220001|35.07 0 36.139999 33.049999|35.209999 0 35.889999 35.200001|36.490002 0 36.669998 35.59|36.59 0 37.349998 37.110001|36.029999 0 36.830002 36.389999|
HTHT|28.450001 0 28.620001 27.75|28.41 0 28.780001 28.33|27.879999 0 28.58 28.1|28.059999 0 28.43 28.030001|27.43 0 28.92 28.02|27.690001 0 27.780001 27.610001|27.43 0 27.950001 27.34|26.110001 0 27.450001 27.24|26.49 0 26.84 26.709999|25.98 0 26.219999 25.99|27.040001 0 27.83 26.690001|27.52 0 27.76 26.85|26.5 0 27.469999 27.34|29.639999 0 30.299999 26.32|30.15 0 31.15 29.52|29.799999 0 30.49 29.85|30.17 0 30.83 30.6|30.309999 0 31.190001 30.719999|30.49 0 30.889999 30.23|
FBZ|7.79 0 7.79 7.79|7.79 0 7.79 7.79|7.63 0 7.63 7.63|7.51 0 7.63 7.63|7.76 0 7.76 7.73|7.51 0 7.51 7.51|7.51 0 7.51 7.51|7.49 0 7.51 7.51|7.69 0 7.69 7.69|7.81 0 7.81 7.81|8 0 8 8|8.23 0 8.23 8.06|8.08 0 8.1 8.1|8.17 0 8.17 8.17|8.17 0 8.17 8.17|8.17 0 8.17 8.17|8.54 0 8.54 8.54|8.54 0 8.54 8.54|8.5 0 8.5 8.5|
HSII|26.1 0 26.620001 26.360001|25.940001 0 26.719999 26.09|26.52 0 27.15 25.799999|26.209999 0 26.93 26.65|25.91 0 26.389999 25.969999|26.66 0 26.950001 26.17|26.690001 0 27.15 26.49|25.780001 0 26.950001 26.690001|27.07 0 27.1 26.059999|26.309999 0 26.940001 26.809999|26.790001 0 27.389999 26.91|26.67 0 27.1 26.690001|26.709999 0 26.780001 26.59|25.76 0 26.549999 26.52|25.969999 0 26.389999 25.76|25.700001 0 26.52 25.690001|24.99 0 26.389999 26.219999|25.41 0 25.639999 25.27|26.82 0 26.82 25.43|
AMZN|571.97998 0 593 587|608.369995 0 638.059998 635.349976|601.98999 0 603.390015 583.349976|603.450012 0 604.5 601.25|597.98999 0 608.5 596.530029|588.72998 0 600.099976 596.380005|573.580017 0 588.809998 575.02002|564.359985 0 578.450012 571.77002|577.090027 0 584 574.47998|572.23999 0 584.619995 570.179993|580.25 0 602.25 593|620.880005 0 620.880005 581.809998|625.25 0 625.98999 617.890015|612.47998 0 619.849976 617.73999|619.659973 0 624.140015 607.049988|621.799988 0 630 607.940002|622 0 639.789978 632.650024|646.859985 0 646.909973 633.789978|656.289978 0 657.719971 636.98999|
EEMA|46.639999 0 47.290001 47.240002|46.209999 0 46.360001 45.950001|45.830002 0 46.189999 45.52|45.779999 0 46.080002 46.029999|45.959999 0 46.029999 45.48|45.66 0 46.25 46.119999|44.529999 0 45.290001 44.880001|44.810001 0 44.84 44.68|46 0 46.07 45.700001|45.16 0 45.16 44.689999|46.099998 0 46.830002 46.630001|47.040001 0 47.150002 46.220001|46.950001 0 46.950001 46.529999|46.919998 0 46.919998 46.580002|47.32 0 47.32 46.580002|47.220001 0 47.59 46.98|48.299999 0 48.48 48.16|49.200001 0 49.23 49.09|49.490002 0 49.490002 48.860001|
ECHO|20.950001 0 22.059999 22.01|21.379999 0 21.700001 20.940001|20.76 0 21.790001 21.34|20 0 21.120001 20.85|20.530001 0 20.85 19.879999|20.16 0 21.23 20.719999|19.57 0 20.26 19.809999|18.77 0 19.93 19.68|19.959999 0 20.290001 19.02|19.42 0 20 19.700001|19.530001 0 20.58 19.959999|20.790001 0 21.49 19.360001|20.610001 0 21.209999 20.870001|20.65 0 20.879999 20.450001|20.709999 0 22.24 20.65|20.309999 0 20.65 20|21.190001 0 21.32 20.75|21 0 21.469999 21.4|20 0 21.290001 21.01|
JMBA|12.89 0 13.15 12.94|12.71 0 13 12.93|12.69 0 12.81 12.61|12.41 0 12.88 12.79|13.01 0 13.05 12.31|12.77 0 13.14 12.94|12.07 0 12.73 12.63|12.3 0 12.3 12.03|12.79 0 12.84 12.45|12.77 0 12.83 12.66|12.72 0 13.15 13|12.51 0 12.81 12.65|12.98 0 13.15 12.57|12.82 0 12.98 12.87|12.55 0 12.9 12.75|12.85 0 13.14 12.59|13.15 0 13.33 13.04|13.6 0 13.6 13.33|13.31 0 13.63 13.53|
SYBT|37.709999 0 39.099998 39.080002|37.09 0 37.75 37.669998|36.040001 0 37.099998 36.5|35.939999 0 36.5 36.040001|36.25 0 36.380001 35.700001|36.119999 0 36.490002 36.330002|35.799999 0 36.380001 35.77|34.919998 0 36.32 36.060001|35.450001 0 35.75 35.400002|34.34 0 35.130001 34.91|35.639999 0 36.009998 35.439999|36.759998 0 36.84 35.34|37.09 0 37.150002 36.709999|36.290001 0 36.84 36.669998|36.900002 0 37 36.18|37.580002 0 37.630001 36.720001|36.75 0 37.490002 37.360001|36.990002 0 37.48 37.09|37.25 0 37.779999 36.779999|
ISIL|12.68 0 13.02 13|13.99 0 13.99 12.58|11.67 0 11.92 11.4|11.58 0 11.83 11.76|11.83 0 11.87 11.58|11.77 0 11.97 11.88|11.71 0 11.81 11.61|11.18 0 11.68 11.6|11.36 0 11.7 11.36|11.17 0 11.3 11.27|11.47 0 11.67 11.55|11.68 0 11.83 11.37|11.55 0 11.7 11.67|11.42 0 11.51 11.44|11.59 0 11.7 11.36|11.66 0 11.77 11.54|12.18 0 12.3 11.88|12.53 0 12.64 12.35|12.49 0 13.12 12.53|
AAVL|5.84 0 6.24 6|6.34 0 6.51 5.84|6.48 0 6.59 6.3|6.4 0 6.51 6.5|6.36 0 6.6 6.38|6.38 0 6.62 6.42|6.22 0 6.4 6.24|5.58 0 6.29 6.18|6.18 0 6.33 5.75|5.79 0 6.09 6.07|6.11 0 6.2 6|6.37 0 6.394 6.02|6.77 0 7.01 6.33|7.32 0 7.32 6.65|7.6 0 7.83 7.28|7.74 0 8.215 7.51|8.64 0 8.64 7.95|8.75 0 8.96 8.8|9.33 0 9.365 8.69|
NSIT|22.5 0 23.719999 23.629999|22.639999 0 22.780001 22.42|22.719999 0 22.879999 22.42|22.299999 0 23.139999 22.799999|22.530001 0 22.65 22.219999|22.690001 0 22.809999 22.620001|22.33 0 22.790001 22.35|21.360001 0 22.379999 22.209999|22.27 0 22.27 21.610001|21.860001 0 22.469999 22.02|22.5 0 22.91 22.559999|23.25 0 23.25 22.389999|23.290001 0 23.459999 23.17|23.139999 0 23.879999 23.02|24.030001 0 24.23 23.049999|23.940001 0 25.9 23.969999|24.57 0 24.91 24.34|24.360001 0 25.040001 24.940001|24.68 0 24.700001 24.26|
AEGR|6.32 0 7.14 7.08|6.87 0 6.96 6.32|7.14 0 7.21 6.78|7.26 0 7.37 7.17|7.45 0 7.66 7.18|7.67 0 7.88 7.51|7.52 0 7.71 7.47|6.75 0 7.79 7.54|7.42 0 7.63 7.07|7.55 0 7.56 7.5|7.33 0 7.91 7.84|7.75 0 8.3 7.26|7.77 0 8.17 7.7|8.42 0 8.68 7.67|8.66 0 8.81 8.31|8.7 0 9.14 8.65|9.14 0 9.28 8.94|9.5 0 9.52 9.31|9.86 0 10.04 9.5|
NRX|0.93 0 0.96 0.93|0.86 0 0.97 0.86|0.89 0 0.98 0.86|0.9 0 0.93 0.83|0.98 0 1.01 0.88|2.19 0 2.27 1.01|1.15 0 1.25 1.1|1.1 0 1.16 1.14|1.15 0 1.15 1.06|1.19 0 1.24 1.12|1.04 0 1.66 1.19|1.24 0 1.29 1.06|1.34 0 1.41 1.21|1.49 0 1.49 1.32|1.48 0 1.6 1.46|1.45 0 1.53 1.46|1.56 0 1.57 1.45|1.62 0 1.62 1.55|1.56 0 1.64 1.62|
CLLS|22.120001 0 22.982 22.360001|23.309999 0 23.309999 21.99|24.35 0 24.35 23.07|24.32 0 24.42 24.280001|24.49 0 24.582001 23.65|24.030001 0 24.389999 23.889999|23.35 0 23.870001 23.02|21.950001 0 23.690001 23.35|22.059999 0 22.5 22.17|22.77 0 23.24 22.780001|24.48 0 24.65 24.370001|25.59 0 25.610001 24.01|25.74 0 26.009001 25.549999|26.76 0 26.780001 24.040001|27.030001 0 27.35 26.549999|27.26 0 27.43 26.83|28.58 0 28.85 28.27|29.780001 0 30.059999 29.41|30.459999 0 30.459999 30.16|

